0.0000093 0.0000204 0.0000174 0.00000341 0.00000141 0.0000194 0.0000164 0.0000174 0.00000541 -0.00000159 0.00000941 0.00000841 0.00000941 -0.00000159 -0.000000588 0.00000441 0.00000341 0.00000341 0.000000412 0.00000241 0.00000541 0.00000241 -0.000000588 -0.00000259 0.00000441 0.00000141 0.00000341 -0.00000159 0.00000141 -0.00000459 0.00000141 0.000000412 0.00000241 0.00000341 -0.00000259 0.00000441 0.000000412 0.00000441 0.00000241 0.000000412 0.00000541 0.00000641 0.00000141 0.00000241 -0.00000159 0.00000541 0.00000441 0.00000341 0.00000441 0.00000241
0.00000496 0.0000629 0.000061 0.000011 0.00000696 0.000054 0.000026 0.000043 0.000014 -0.000022 0.00000796 0.000014 0.000034 -0.000021 -0.00000804 -3.92E-08 0.00000596 0.000015 0.00000196 0.000017 0.000011 0.00000896 -0.00000504 -0.000019 0.000023 0.00000396 0.00002 -0.000011 0.00000196 -0.000029 0.00000496 -0.00000304 0.000014 0.000019 -0.000019 0.000022 -0.00000404 0.000022 0.000014 -0.00000104 0.00003 0.000032 0.00000296 0.000011 -0.000012 0.00003 0.000024 0.000015 0.000027 0.000017
-0.000000804 0.000133196 0.000126085 0.0000272 0.0000202 0.000111197 0.0000162 0.0000662 0.0000212 -0.0000768 0.0000032 0.0000122 0.0000702 -0.0000788 -0.0000218 -0.0000038 0.0000162 0.0000372 0.0000082 0.0000412 0.0000252 0.0000232 -0.0000108 -0.0000538 0.0000532 0.0000112 0.0000462 -0.0000298 0.0000052 -0.000101803 0.0000132 -0.0000068 0.0000352 0.0000442 -0.0000528 0.0000502 -0.0000108 0.0000512 0.0000352 -0.000000804 0.0000662 0.0000692 0.0000062 0.0000282 -0.0000308 0.0000652 0.0000552 0.0000342 0.0000602 0.0000422
0.000164668 0.000309665 0.000283666 0.0000886 0.0000317 0.000272665 0.000178668 0.000228667 0.000107667 -0.0000743 0.0000767 0.0000917 0.000144668 -0.0000733 -0.0000113 0.0000157 0.0000347 0.0000527 0.0000177 0.0000417 0.0000377 0.0000357 0.00000167 -0.0000543 0.0000507 0.0000187 0.0000487 -0.0000253 0.0000117 -0.000141333 0.0000207 0.00000167 0.0000417 0.0000457 -0.0000573 0.0000607 0.00000667 0.0000637 0.0000417 0.00000467 0.0000787 0.0000867 0.0000337 0.0000437 -0.0000263 0.0000737 0.0000707 0.0000567 0.0000647 0.0000427
0.000282275 0.000375274 0.000378275 0.000157274 0.0000632 0.000330274 0.000296276 0.000336276 0.000192274 0.00000327 0.000136274 0.000161275 0.000182273 0.0000143 0.00000927 0.0000303 0.0000393 0.0000463 0.0000173 0.0000223 0.0000333 0.0000313 0.0000123 -0.0000227 0.0000263 0.0000143 0.0000303 -0.00000673 0.00000927 -0.0000677 0.0000183 0.0000103 0.0000293 0.0000273 -0.0000287 0.0000493 0.0000293 0.0000543 0.0000313 0.00000527 0.0000653 0.0000783 0.0000563 0.0000453 -0.00000573 0.0000583 0.0000613 0.0000613 0.0000503 0.0000243
0.00000414 0.00000314 0.00000214 0.000000137 0.000000137 0.00000603 0.00000414 0.00000214 0.00000114 0.000000137 0.00000714 0.00000314 0.00000114 0.000000137 0.000000137 0.00000514 0.00000214 0.000000137 0.000000137 0.000000137 0.00000414 0.00000114 0.000000137 0.000000137 0.000000137 0.000000137 0.000000137 0.000000137 0.000000137 0.000000137 0.000000137 0.000000137 0.000000137 0.000000137 0.000000137 0.000000137 0.000000137 0.000000137 0.000000137 0.000000137 0.000000137 0.000000137 0.000000137 0.000000137 0.000000137 0.000000137 0.000000137 0.000000137 0.000000137 0.000000137
0.00000229 0.00000329 0.00000229 0.000000294 0.000000294 0.00000529 0.00000118 0.00000229 0.000000294 -0.000000706 0.00000429 0.00000229 0.00000129 -0.000000706 -0.000000706 0.00000329 0.00000129 0.000000294 0.000000294 0.000000294 0.00000329 0.00000129 0.000000294 -0.000000706 0.000000294 0.000000294 0.000000294 -0.000000706 0.000000294 -0.00000171 0.000000294 0.000000294 0.000000294 0.000000294 -0.000000706 0.00000129 0.000000294 0.000000294 0.000000294 0.000000294 0.00000129 0.00000129 0.000000294 0.000000294 -0.000000706 0.00000129 0.00000129 0.000000294 0.000000294 0.000000294
0.0000088 0.0000198 0.0000218 0.0000078 0.0000028 0.0000198 0.0000098 0.0000157 0.0000078 -0.0000012 0.0000088 0.0000088 0.0000128 -0.0000052 -0.000000196 0.0000048 0.0000058 0.0000058 0.0000018 0.0000038 0.0000058 0.0000048 0.0000018 -0.0000042 0.0000048 0.0000038 0.0000068 -0.000000196 0.0000028 -0.0000102 0.0000038 0.0000028 0.0000058 0.0000058 -0.0000042 0.0000078 0.0000038 0.0000088 0.0000058 0.000000804 0.0000098 0.0000108 0.0000058 0.0000058 -0.0000012 0.0000098 0.0000088 0.0000078 0.0000078 0.0000038
0.0000842 0.0000912 0.0000832 0.0000332 0.00000422 0.0000892 0.000102217 0.0000972 0.0000521 0.0000192 0.0000552 0.0000622 0.0000462 0.0000232 0.0000132 0.0000232 0.0000182 0.0000102 0.00000622 -0.00000478 0.0000112 0.0000102 0.0000152 0.0000122 -0.00000878 0.0000112 0.00000322 0.0000192 0.0000162 0.00000122 0.0000132 0.0000212 0.00000822 -0.000000784 0.00000922 0.0000132 0.0000352 0.0000162 0.00000722 0.00000822 0.0000182 0.0000252 0.0000442 0.0000202 0.0000142 0.0000142 0.0000222 0.0000322 0.00000522 -0.00000478
0.000209763 0.000241764 0.000273765 0.000142766 0.0000268 0.000229764 0.000243766 0.000273763 0.000179766 0.0000427 0.000131763 0.000161766 0.000153766 0.0000578 0.0000218 0.0000388 0.0000378 0.0000328 0.0000148 0.00000176 0.0000258 0.0000238 0.0000228 0.00000676 -0.000000235 0.0000188 0.0000168 0.0000198 0.0000178 -0.0000182 0.0000258 0.0000318 0.0000258 0.0000108 -0.000000235 0.0000618 0.0000838 0.0000718 0.0000338 0.0000128 0.0000878 0.000113765 0.000128765 0.0000798 0.0000248 0.0000728 0.0000878 0.000114764 0.0000618 0.0000108
0.00000475 0.00000275 0.00000175 0.000000745 -0.000000255 0.00000574 0.00000475 0.00000275 0.000000745 0.000000745 0.00000763 0.00000375 0.000000745 0.000000745 0.000000745 0.00000575 0.00000275 0.000000745 -0.000000255 -0.000000255 0.00000474 0.00000175 0.000000745 0.000000745 -0.000000255 0.000000745 -0.000000255 0.000000745 0.000000745 0.000000745 0.000000745 0.000000745 -0.000000255 -0.000000255 0.000000745 -0.000000255 0.000000745 -0.000000255 -0.000000255 -0.000000255 -0.000000255 -0.000000255 0.000000745 -0.000000255 0.000000745 -0.000000255 -0.000000255 -0.000000255 -0.000000255 -0.000000255
0.0000112 0.0000162 0.0000162 0.00000718 0.00000218 0.0000182 0.0000122 0.0000152 0.00000918 -0.00000682 0.0000182 0.0000161 0.0000172 -0.00000382 0.00000118 0.0000172 0.0000172 0.0000152 0.00000518 0.00000218 0.0000152 0.0000142 0.0000102 -0.000000824 0.00000218 0.0000132 0.0000152 0.0000112 0.0000102 -0.0000138 0.0000162 0.0000182 0.0000192 0.00000918 -0.00000282 0.0000182 0.0000182 0.0000202 0.00000918 0.00000318 0.0000122 0.0000152 0.0000152 0.00000918 0.00000118 0.0000102 0.0000122 0.0000132 0.00000718 0.00000218
0.0000813 0.0000133 0.00000633 0.0000113 -0.0000117 0.0000253 0.000107333 0.0000623 0.0000353 0.0000783 0.0000793 0.0000873 0.0000292 0.000102333 0.0000373 0.0000593 0.0000463 0.0000253 0.0000123 -0.0000267 0.0000253 0.0000263 0.0000483 0.0000633 -0.0000337 0.0000233 0.00000333 0.0000613 0.0000253 0.000101334 0.0000333 0.0000593 0.0000233 -0.0000107 0.0000483 0.0000123 0.0000713 0.0000173 -0.000000667 0.00000933 -0.0000107 -0.00000567 0.0000473 0.00000633 0.0000343 -0.0000157 -0.00000567 0.0000153 -0.0000227 -0.0000277
0.0000949 0.0000139 0.00000588 0.0000159 -0.0000121 0.0000309 0.000126881 0.0000779 0.0000469 0.0000869 0.000127881 0.000139883 0.0000659 0.00012977 0.0000399 0.000120883 0.000113883 0.0000789 0.0000359 -0.0000291 0.0000699 0.0000749 0.0000989 0.0000949 -0.0000401 0.0000529 0.0000289 0.000107883 0.0000499 0.000111883 0.0000749 0.000118884 0.0000689 0.00000288 0.0000619 0.0000399 0.000123882 0.0000519 0.0000129 0.0000179 -0.0000121 -0.00000612 0.0000629 0.0000109 0.0000429 -0.0000211 -0.00000612 0.0000219 -0.0000291 -0.0000341
0.0000789 0.0000109 0.0000059 0.0000139 -0.0000101 0.0000339 0.000114902 0.0000769 0.0000449 0.0000719 0.000195903 0.000237901 0.000175903 0.0001729 0.0000638 0.0002009 0.000224902 0.000205903 0.000107902 -0.0000081 0.000138903 0.000151901 0.000207903 0.000174903 -0.0000101 0.0000719 0.0000599 0.000129902 0.0000749 0.0000979 0.000110903 0.000162903 0.0001259 0.0000349 0.0000559 0.0000839 0.000166901 0.000109903 0.0000409 0.0000229 -0.0000041 0.0000019 0.0000599 0.0000129 0.0000349 -0.0000141 -0.0000031 0.0000209 -0.0000211 -0.0000271
0.00000482 0.00000282 0.000000824 -0.000000176 -0.000000176 0.00000582 0.00000482 0.00000282 0.000000824 0.000000824 0.00000882 0.00000382 0.000000824 0.000000824 0.000000824 0.00000671 0.00000282 -0.000000176 -0.000000176 -0.000000176 0.00000482 0.00000182 0.000000824 0.000000824 -0.000000176 -0.000000176 -0.000000176 0.000000824 -0.000000176 0.00000182 -0.000000176 0.000000824 -0.000000176 -0.000000176 0.000000824 -0.000000176 0.000000824 -0.000000176 -0.000000176 -0.000000176 -0.000000176 -0.000000176 0.000000824 -0.000000176 0.000000824 -0.000000176 -0.000000176 -0.000000176 -0.000000176 -0.000000176
0.0000135 -0.00000049 -0.00000249 0.00000051 -0.00000249 0.00000451 0.0000175 0.00000851 0.00000451 0.0000125 0.0000145 0.0000125 -0.00000049 0.0000155 0.00000551 0.0000115 0.0000044 -0.00000049 0.00000051 -0.00000549 0.00000451 0.00000251 0.00000651 0.0000105 -0.00000749 0.00000351 -0.00000249 0.0000105 0.00000351 0.0000155 0.00000351 0.00000851 0.00000051 -0.00000449 0.00000951 -0.00000249 0.00000951 -0.00000249 -0.00000249 0.00000251 -0.00000549 -0.00000549 0.00000551 -0.00000049 0.00000651 -0.00000649 -0.00000449 -0.00000049 -0.00000749 -0.00000549
0.0000379 -0.0000041 -0.0000091 0.000000902 -0.0000071 0.0000049 0.0000469 0.0000229 0.0000139 0.0000439 0.0000459 0.0000429 0.0000079 0.0000559 0.0000159 0.0000449 0.0000339 0.0000188 0.0000139 -0.0000201 0.0000269 0.0000239 0.0000319 0.0000379 -0.0000201 0.0000129 -0.0000011 0.0000359 0.0000139 0.0000599 0.0000169 0.0000319 0.0000079 -0.0000091 0.0000309 -0.0000011 0.0000329 -9.81E-08 -0.0000041 0.0000059 -0.0000151 -0.0000141 0.0000169 -0.0000021 0.0000199 -0.0000161 -0.0000111 -0.000000098 -0.0000191 -0.0000171
0.0000461 -0.00000394 -0.0000109 0.00000406 -0.00000494 0.0000111 0.0000631 0.0000311 0.0000201 0.0000481 0.000100059 0.0000881 0.0000341 0.0000641 0.0000241 0.000143059 0.000131057 0.0000861 0.0000259 -0.0000159 0.000114057 0.000115057 0.0000821 0.0000471 -0.0000239 0.0000351 0.0000171 0.0000621 0.0000251 0.0000621 0.0000431 0.0000671 0.0000291 -0.00000494 0.0000391 0.00000906 0.0000551 0.00000806 -0.000000941 0.0000121 -0.0000179 -0.0000179 0.0000231 -0.000000941 0.0000271 -0.0000199 -0.0000139 0.00000106 -0.0000229 -0.0000189
0.0000516 0.00000859 0.00000359 0.00000859 -0.00000441 0.0000316 0.0000796 0.0000566 0.0000306 0.0000396 0.000200588 0.00023159 0.000192589 0.000127589 0.0000426 0.000251588 0.000294588 0.000280588 0.000124589 0.0000315 0.000200587 0.000228587 0.000253588 0.000149589 0.00000559 0.0000616 0.0000566 0.00010059 0.0000496 0.0000526 0.0000916 0.000133589 0.0000986 0.0000256 0.0000366 0.0000586 0.000113587 0.0000686 0.0000256 0.0000176 -0.00000541 -0.00000441 0.0000336 0.00000559 0.0000226 -0.0000124 -0.00000541 0.00000859 -0.0000164 -0.0000154
0.00000122 0.00000522 0.00000522 0.000000216 0.00000122 0.0000102 -0.00000178 0.000000216 0.000000216 -0.00000478 0.0000252 0.00000922 0.00000422 -0.00000478 -0.000000784 0.0000432 0.0000232 0.00000722 0.000000216 0.00000322 0.0000441 0.0000232 0.00000122 -0.00000378 0.00000422 0.00000322 0.00000522 0.000000216 0.00000122 -0.00000678 0.00000322 0.00000222 0.00000422 0.00000422 -0.00000278 0.00000522 0.000000216 0.00000522 0.00000322 0.000000216 0.00000522 0.00000522 0.000000216 0.00000122 -0.00000178 0.00000622 0.00000422 0.00000222 0.00000522 0.00000322
-0.0000309 0.0000231 0.0000311 0.00000314 0.0000111 0.0000231 -0.0000479 -0.0000159 -0.00000986 -0.0000549 0.0000401 0.00000414 0.0000251 -0.0000589 -0.0000169 0.000110137 0.0000781 0.0000421 0.00000414 0.0000271 0.000135136 0.000087 0.00000114 -0.0000399 0.0000361 0.0000141 0.0000381 -0.0000129 0.00000214 -0.0000689 0.0000141 0.00000314 0.0000291 0.0000311 -0.0000349 0.0000351 -0.00000886 0.0000341 0.0000221 -0.00000286 0.0000401 0.0000401 -0.00000886 0.0000121 -0.0000229 0.0000401 0.0000291 0.0000131 0.0000391 0.0000281
-0.000051 0.000039 0.000051 0.00000998 0.00002 0.000039 -0.000074 -0.00002 -0.000011 -0.000092 0.000066 0.000022 0.00006 -0.000098 -0.000025 0.000189979 0.000167979 0.000113979 0.000018 0.000045 0.000232981 0.000193982 0.0000449 -0.000055 0.000058 0.000031 0.000066 -0.000014 0.00000898 -0.000118019 0.000033 0.000016 0.000053 0.000052 -0.000056 0.00006 -0.00000702 0.000058 0.000038 -1.96E-08 0.000062 0.000063 -0.00001 0.000023 -0.000036 0.000062 0.000048 0.000024 0.00006 0.000045
0.00000637 0.0000274 0.0000284 0.0000134 0.0000104 0.0000444 0.0000144 0.0000284 0.0000154 -0.0000256 0.000181373 0.000169372 0.000152373 0.0000114 0.0000114 0.000320372 0.000358373 0.000302374 0.0000864 0.0000244 0.000307374 0.000343373 0.000233373 0.0000453 0.0000244 0.0000484 0.0000574 0.0000424 0.0000264 -0.0000386 0.0000604 0.0000704 0.0000644 0.0000314 -0.00000763 0.0000494 0.0000454 0.0000484 0.0000274 0.0000104 0.0000244 0.0000254 0.0000134 0.0000154 -0.00000263 0.0000214 0.0000194 0.0000174 0.0000194 0.0000144
0.00000912 0.0000331 0.0000351 0.0000131 0.00000912 0.0000511 0.0000221 0.0000421 0.0000201 -0.0000269 0.000210117 0.000241118 0.000250117 0.0000631 0.0000241 0.000310118 0.000386116 0.000395112 0.000155119 0.0000391 0.000289116 0.000339117 0.000328116 0.000124118 0.000121005 0.0000441 0.0000591 0.0000401 0.0000281 -0.0000379 0.0000611 0.0000721 0.0000751 0.0000391 -0.0000109 0.0000581 0.0000531 0.0000631 0.0000331 0.00000812 0.0000291 0.0000311 0.0000131 0.0000161 -0.00000688 0.0000261 0.0000231 0.0000181 0.0000221 0.0000151
-0.00000343 0.00000357 0.00000457 0.000000569 0.00000157 0.00000357 -0.00000643 -0.00000143 -0.000000431 -0.00000643 0.00000757 0.00000357 0.00000557 -0.00000643 -0.00000143 0.0000166 0.0000146 0.00000957 0.00000257 0.00000457 0.0000176 0.0000146 0.00000457 -0.00000343 0.00000557 0.0000225 0.0000156 -0.000000431 0.000000569 -0.0000104 0.0000256 0.0000116 0.00000557 0.00000457 -0.00000443 0.0000236 0.00000657 0.00000557 0.00000357 -0.000000431 0.0000136 0.0000106 0.00000157 0.00000257 -0.00000243 0.00000957 0.00000657 0.00000357 0.00000657 0.00000357
-0.0000248 0.0000162 0.0000232 0.0000032 0.0000082 0.0000132 -0.0000378 -0.0000118 -0.0000058 -0.0000408 0.0000082 0.000000196 0.0000242 -0.0000408 -0.0000118 0.0000382 0.0000392 0.0000352 0.0000082 0.0000222 0.0000502 0.0000422 0.0000072 -0.0000238 0.0000292 0.0000592 0.0000561 -0.0000138 -0.0000018 -0.0000548 0.0000642 0.0000282 0.0000242 0.0000212 -0.0000268 0.0000612 0.0000042 0.0000252 0.0000152 -0.0000028 0.0000372 0.0000332 -0.0000048 0.0000092 -0.0000178 0.0000322 0.0000232 0.0000112 0.0000292 0.0000212
-0.0000375 0.0000255 0.0000355 0.00000655 0.0000145 0.0000205 -0.0000565 -0.0000165 -0.00000845 -0.0000635 0.0000115 0.00000155 0.0000385 -0.0000625 -0.0000155 0.0000565 0.0000615 0.0000556 0.0000135 0.0000335 0.0000736 0.0000655 0.0000155 -0.0000345 0.0000425 0.000119547 0.000121549 -0.00000356 0.00000355 -0.0000865 0.000123547 0.0000675 0.0000545 0.0000355 -0.0000415 0.00010055 0.0000155 0.0000436 0.0000255 -0.00000245 0.0000535 0.0000486 -0.00000545 0.0000155 -0.0000265 0.0000465 0.0000355 0.0000175 0.0000425 0.0000325
0.000011 0.00000798 0.00000798 0.00000798 0.00000498 0.000014 0.000011 0.000011 0.00000998 0.00000098 0.000054 0.000045 0.000027 0.000011 0.00000898 0.000088 0.000079 0.000051 0.000017 0.00000498 0.000075 0.00007 0.000044 0.000015 0.00000298 0.000284982 0.00028198 0.000157981 0.0000469 -0.00000502 0.000289981 0.00025798 0.000173981 0.000047 0.00000898 0.00015798 0.000118979 0.000074 0.00003 0.000012 0.000026 0.000019 0.000024 0.000011 0.00000698 0.000011 0.000011 0.000014 0.00000498 0.00000198
0.0000204 0.00000443 0.00000143 0.00000543 0.000000431 0.00000943 0.0000264 0.0000154 0.0000124 0.0000164 0.0000504 0.0000464 0.0000204 0.0000294 0.0000124 0.0000694 0.0000604 0.0000374 0.0000144 -0.00000257 0.0000524 0.0000504 0.0000404 0.0000254 -0.00000557 0.00034043 0.000370431 0.000312433 0.00012843 0.0000983 0.00035143 0.000368432 0.00031943 0.00011543 0.0000304 0.000209432 0.000210431 0.000166432 0.0000754 0.0000254 0.0000274 0.0000224 0.0000434 0.0000154 0.0000144 0.00000743 0.0000104 0.0000174 -0.00000157 -0.00000357
0.000000255 0.000000255 0.000000255 0.000000255 0.000000255 0.000000255 0.000000255 0.000000255 0.000000255 0.000000255 0.000000255 0.000000255 0.000000255 0.000000255 0.000000255 0.00000125 0.000000255 0.000000255 0.000000255 0.000000255 0.00000125 0.000000255 0.000000255 0.000000255 0.000000255 0.00000425 0.00000125 0.000000255 0.000000255 0.000000255 0.00000514 0.00000225 0.000000255 0.000000255 0.000000255 0.00000726 0.00000325 0.000000255 0.000000255 0.000000255 0.00000625 0.00000425 0.00000225 0.000000255 0.000000255 0.00000325 0.00000225 0.00000125 0.000000255 0.000000255
0.0000108 -0.00000124 -0.00000324 0.000000765 -0.00000124 0.000000765 0.0000138 0.00000676 0.00000476 0.0000108 0.00000976 0.00000976 -0.000000235 0.0000128 0.00000476 0.00000776 0.00000476 -0.000000235 0.000000765 -0.00000524 0.00000176 0.00000176 0.00000576 0.00000976 -0.00000724 0.00000676 -0.000000235 0.00000976 0.00000476 0.0000118 0.00000876 0.00000865 0.00000176 -0.00000324 0.00000876 0.00000376 0.0000108 -0.000000235 -0.00000124 0.00000176 -0.00000124 -0.00000124 0.00000776 0.000000765 0.00000676 -0.00000324 -0.00000124 0.00000176 -0.00000624 -0.00000524
0.0000418 -0.00000816 -0.0000152 0.000000843 -0.00000816 -0.00000116 0.0000528 0.0000238 0.0000148 0.0000538 0.0000388 0.0000388 -0.00000416 0.0000648 0.0000188 0.0000308 0.0000168 -0.00000116 0.00000284 -0.0000202 0.00000784 0.00000784 0.0000228 0.0000398 -0.0000272 0.0000298 0.0000118 0.0000538 0.0000218 0.0000728 0.0000338 0.0000498 0.0000227 -0.00000116 0.0000328 0.00000784 0.0000468 0.00000484 -0.00000416 0.00000684 -0.0000162 -0.0000162 0.0000228 -0.00000316 0.0000248 -0.0000192 -0.0000132 0.000000843 -0.0000242 -0.0000212
0.0000316 -0.00000541 -0.0000104 0.00000159 -0.00000441 0.00000159 0.0000406 0.0000176 0.0000126 0.0000376 0.0000496 0.0000436 0.00000559 0.0000486 0.0000166 0.0000626 0.0000476 0.0000206 0.00000759 -0.0000134 0.0000416 0.0000376 0.0000346 0.0000336 -0.0000184 0.0000736 0.0000596 0.0000586 0.0000186 0.0000456 0.0000806 0.0000836 0.0000436 0.00000248 0.0000316 0.0000346 0.0000526 0.0000116 -0.000000412 0.00000759 -0.00000841 -0.0000104 0.0000196 -0.000000412 0.0000196 -0.0000134 -0.00000941 0.00000159 -0.0000164 -0.0000144
0.0000727 -0.0000193 -0.0000313 0.00000169 -0.0000143 -0.00000331 0.0000987 0.0000407 0.0000267 0.0000917 0.0000927 0.0000887 0.00000269 0.000117688 0.0000367 0.0000977 0.0000707 0.0000247 0.0000127 -0.0000363 0.0000497 0.0000487 0.0000647 0.0000787 -0.0000493 0.000223687 0.000219685 0.000265686 0.000112685 0.000130686 0.000249686 0.000299687 0.000228687 0.0000607 0.000100573 0.000128688 0.000205686 0.000113688 0.0000427 0.0000287 -0.0000223 -0.0000243 0.0000557 0.000000686 0.0000467 -0.0000373 -0.0000243 0.00000269 -0.0000453 -0.0000383
0.000000804 0.000000804 -0.000000196 -0.000000196 -0.000000196 0.000000804 0.000000804 0.000000804 -0.000000196 -0.000000196 0.000000804 0.000000804 0.000000804 -0.000000196 -0.000000196 0.000000804 0.000000804 0.000000804 -0.000000196 -0.000000196 0.000000804 0.000000804 0.000000804 -0.000000196 -0.000000196 0.0000038 0.000000804 0.000000804 -0.000000196 -0.000000196 0.0000048 0.0000018 0.000000804 -0.000000196 -0.000000196 0.00000669 0.0000028 0.000000804 0.000000804 -0.000000196 0.0000058 0.0000038 0.0000028 0.000000804 -0.000000196 0.0000038 0.0000028 0.0000018 0.000000804 -0.000000196
0.00000498 0.000013 0.000013 0.00000598 0.00000198 0.000013 0.00000498 0.00000998 0.00000698 -0.00001 0.00000898 0.00000998 0.000013 -0.00000802 -1.96E-08 0.000011 0.000012 0.000011 0.00000398 0.00000298 0.000011 0.000011 0.00000698 -0.00000302 0.00000298 0.000016 0.000018 0.000011 0.00000998 -0.000018 0.000019 0.000019 0.000021 0.00000998 -0.00000502 0.000024 0.0000189 0.000022 0.000011 0.00000298 0.000018 0.00002 0.000017 0.000011 -1.96E-08 0.000015 0.000016 0.000016 0.00000898 0.00000298
0.0000689 0.0000029 -0.0000041 0.0000059 -0.0000121 0.0000119 0.0000919 0.0000469 0.0000279 0.0000729 0.0000579 0.0000599 0.0000039 0.0000909 0.0000229 0.0000389 0.0000229 0.000000902 0.0000019 -0.0000271 0.0000099 0.0000099 0.0000289 0.0000509 -0.0000351 0.0000399 0.0000219 0.0000759 0.0000349 0.0000999 0.0000489 0.0000739 0.0000399 -0.0000021 0.0000479 0.0000269 0.0000849 0.0000318 0.0000059 0.0000209 -9.79E-08 0.0000059 0.0000569 0.0000109 0.0000359 -0.0000081 0.0000039 0.0000239 -0.0000191 -0.0000261
0.0000847 -0.00000633 -0.0000163 0.00000567 -0.0000153 0.00000967 0.000112667 0.0000567 0.0000357 0.0000937 0.0000867 0.0000887 0.00000667 0.000118668 0.0000347 0.0000747 0.0000507 0.0000117 0.00000767 -0.0000383 0.0000287 0.0000287 0.0000517 0.0000747 -0.0000513 0.0000887 0.0000647 0.000140669 0.0000637 0.000126668 0.000108666 0.000150665 0.0000937 0.00000967 0.0000707 0.0000577 0.000142668 0.0000617 0.0000176 0.0000227 -0.00000733 -0.000000333 0.0000757 0.0000147 0.0000497 -0.0000173 -0.000000333 0.0000287 -0.0000313 -0.0000383
0.0000802 -0.0000138 -0.0000248 0.00000316 -0.0000158 0.00000216 0.000109158 0.0000492 0.0000312 0.0000952 0.0000922 0.0000932 0.00000816 0.000124157 0.0000352 0.0000852 0.0000622 0.0000212 0.0000122 -0.0000378 0.0000372 0.0000372 0.0000602 0.0000802 -0.0000498 0.000196157 0.000186156 0.000282158 0.000160157 0.000152157 0.000231157 0.000294157 0.000247157 0.0000902 0.0000872 0.000152156 0.000257155 0.000178158 0.0000782 0.000059 -0.00000284 0.000000157 0.0000842 0.0000162 0.0000502 -0.0000208 -0.00000584 0.0000252 -0.0000338 -0.0000378
1.96E-08 1.96E-08 1.96E-08 1.96E-08 1.96E-08 1.96E-08 0.00000102 1.96E-08 1.96E-08 1.96E-08 0.00000102 0.00000102 1.96E-08 1.96E-08 1.96E-08 0.00000102 0.00000102 1.96E-08 1.96E-08 1.96E-08 0.00000102 0.00000102 1.96E-08 1.96E-08 1.96E-08 0.00000302 0.00000102 1.96E-08 1.96E-08 1.96E-08 0.00000402 0.00000202 1.96E-08 1.96E-08 1.96E-08 0.00000602 0.00000302 0.00000102 1.96E-08 1.96E-08 0.00000591 0.00000402 0.00000302 0.00000102 1.96E-08 0.00000302 0.00000302 0.00000202 1.96E-08 1.96E-08
-0.000000686 0.000000314 0.000000314 0.000000314 0.000000314 0.000000314 -0.000000686 0.000000314 0.000000314 -0.000000686 0.000000314 0.000000314 0.000000314 -0.000000686 -0.000000686 0.000000314 0.000000314 0.000000314 0.000000314 0.000000314 0.000000314 0.000000314 0.000000314 -0.000000686 0.000000314 0.00000231 0.00000131 -0.000000686 0.000000314 -0.00000169 0.00000331 0.00000131 0.000000314 0.000000314 -0.000000686 0.00000531 0.00000131 0.00000131 0.000000314 0.000000314 0.00000531 0.0000032 0.00000231 0.00000131 -0.000000686 0.00000331 0.00000231 0.00000131 0.00000131 0.000000314
0.00000145 0.00000645 0.00000745 0.00000245 0.00000145 0.00000645 0.000000451 0.00000345 0.00000245 -0.00000555 0.00000245 0.00000245 0.00000545 -0.00000455 -0.000000549 0.00000145 0.00000245 0.00000345 0.00000145 0.00000345 0.00000345 0.00000345 0.000000451 -0.00000255 0.00000345 0.00000445 0.00000545 0.000000451 0.00000245 -0.00000755 0.00000545 0.00000445 0.00000545 0.00000445 -0.00000355 0.0000145 0.00000945 0.0000125 0.00000545 0.00000145 0.0000215 0.0000245 0.0000173 0.0000105 0.00000745 0.0000195 0.0000205 0.0000185 0.0000115 0.00000345
0.0000577 0.0000387 0.0000337 0.0000187 -0.000000294 0.0000427 0.0000777 0.0000607 0.0000347 0.0000247 0.0000417 0.0000477 0.0000217 0.0000337 0.0000137 0.0000187 0.0000117 0.00000171 0.00000271 -0.0000113 0.00000471 0.00000471 0.0000137 0.0000187 -0.0000153 0.0000117 -0.00000129 0.0000247 0.0000167 0.0000197 0.0000157 0.0000257 0.00000671 -0.00000529 0.0000167 0.0000247 0.0000517 0.0000257 0.00000871 0.00000971 0.0000457 0.0000647 0.0000777 0.0000336 0.0000257 0.0000347 0.0000517 0.0000597 0.00000971 -0.00000829
0.0000863 0.0000633 0.0000643 0.0000363 0.00000127 0.0000693 0.000119275 0.000103274 0.0000613 0.0000343 0.0000633 0.0000753 0.0000443 0.0000473 0.0000173 0.0000263 0.0000183 0.00000627 0.00000527 -0.0000127 0.00000927 0.00000827 0.0000183 0.0000213 -0.0000187 0.0000283 0.0000123 0.0000453 0.0000263 0.0000243 0.0000403 0.0000533 0.0000323 0.00000427 0.0000203 0.000118276 0.000168276 0.000128276 0.0000553 0.0000223 0.000221275 0.000272275 0.000293276 0.000167274 0.0000642 0.000206276 0.000247275 0.000279274 0.000122274 0.0000113
0.00000247 0.00000547 0.00000547 0.00000147 0.000000471 0.00000447 0.00000247 0.00000347 0.00000147 -0.00000153 0.00000147 0.00000247 0.00000347 -0.000000529 -0.000000529 0.000000471 0.00000147 0.00000247 0.000000471 0.00000247 0.00000147 0.00000147 0.000000471 -0.00000153 0.00000347 0.00000347 0.00000347 -0.000000529 0.00000147 -0.00000253 0.00000447 0.00000247 0.00000247 0.00000247 -0.00000153 0.0000125 0.00000847 0.00000947 0.00000347 0.000000471 0.0000205 0.0000275 0.0000195 0.00000847 0.000000471 0.0000134 0.0000185 0.0000155 0.00000647 0.00000247
0.00000359 0.0000236 0.0000266 0.00000659 0.00000459 0.0000196 0.00000459 0.0000116 0.00000559 -0.0000114 0.00000159 0.00000359 0.0000166 -0.00000941 -0.00000441 -0.00000141 0.00000359 0.00000959 0.00000159 0.0000116 0.00000559 0.00000559 -0.00000241 -0.0000104 0.0000156 0.00000359 0.0000136 -0.00000641 0.00000159 -0.0000144 0.00000459 -0.000000412 0.00000959 0.0000116 -0.0000124 0.0000286 0.0000146 0.0000286 0.0000126 -0.00000141 0.0000496 0.0000716 0.0000416 0.0000226 -0.00000441 0.0000346 0.0000455 0.0000376 0.0000246 0.0000116
-0.00000435 0.0000486 0.0000536 0.0000156 0.0000126 0.0000416 -0.00000435 0.0000196 0.00000965 -0.0000424 -0.00000135 0.00000265 0.0000356 -0.0000414 -0.0000114 -0.00000335 0.00000965 0.0000226 0.00000565 0.0000256 0.0000146 0.0000146 -0.00000535 -0.0000304 0.0000326 0.00000865 0.0000286 -0.0000174 0.00000465 -0.0000574 0.0000106 -0.00000135 0.0000226 0.0000266 -0.0000334 0.0000526 0.0000176 0.0000536 0.0000276 -0.000000353 0.0000886 0.000118647 0.0000596 0.0000396 -0.0000154 0.0000686 0.0000846 0.0000655 0.0000496 0.0000256
0.0000159 0.0000809 0.0000859 0.0000319 0.0000179 0.0000759 0.0000289 0.0000609 0.0000329 -0.0000581 0.0000169 0.0000259 0.0000589 -0.0000581 -0.00000814 0.00000586 0.0000189 0.0000289 0.00000986 0.0000269 0.0000219 0.0000219 0.000000863 -0.0000361 0.0000309 0.0000209 0.0000369 -0.00000914 0.0000139 -0.0000971 0.0000269 0.0000159 0.0000379 0.0000329 -0.0000381 0.000110863 0.0000849 0.000110863 0.0000539 0.00000986 0.000216864 0.000270861 0.000203864 0.000113863 0.00000386 0.000194862 0.000229863 0.000200863 0.0000978 0.0000339
0.0000368 0.0000568 0.0000598 0.0000268 0.0000078 0.0000568 0.0000568 0.0000638 0.0000358 -0.0000112 0.0000288 0.0000368 0.0000408 -0.0000062 0.0000018 0.0000108 0.0000138 0.0000148 0.0000058 0.0000078 0.0000128 0.0000118 0.0000048 -0.0000082 0.0000078 0.0000218 0.0000228 0.0000128 0.0000128 -0.0000292 0.0000318 0.0000308 0.0000318 0.0000168 -0.0000092 0.000146804 0.000155803 0.000143804 0.0000638 0.0000158 0.000318805 0.000376803 0.000342804 0.000183804 0.0000438 0.000312805 0.000359805 0.000339803 0.000146802 0.0000557
